4 


 2 16  x  x |  x 15  3  x |  6  x  1  x |  x  x  x  x 

 x  3 10 12 |  9  x  x  x |  x  4  x  x |  x  x  x 11 

 x  x  9  4 |  x  x  x  5 |  x  x  3 13 |  x  x  x  1 

 6  x  x  x |  x  7 16  2 |  x  8 10  x |  x  x  x  x 

-----------------------------------------------------

 x  x 14  9 |  x  3  x  x |  x  x  x 16 |  x  x  x  x 

 x  x  x  x |  x  x  x  7 |  x  x  x  1 | 13  x  x  5 

 5  6  x  2 | 14 16  1  x | 15  x 12  x |  x 11  x  4 

 x  x 12  8 | 11  2  x  9 | 13  x 14  4 | 10  x  6  x 

-----------------------------------------------------

 x  7  x  6 | 16  8  x 12 | 14  x  4  2 |  5 10  x  x 

10  x 13  x |  x  1  x  4 |  x  5 15 11 | 16  x 12  2 

16  x  x 11 |  3  x  x  x |  7  x  x  x |  x  x  x  x 

 x  x  x  x | 10  x  x  x |  x  x 16  x |  7  4  x  x 

-----------------------------------------------------

 x  x  x  x |  x 12  4  x | 11  7  9  x |  x  x  x  8 

 1  x  x  x |  2 11  x  x | 10  x  x  x | 12  5  x  x 

12  x  x  x |  x  x  6  x |  x  x  x  3 | 11 16  1  x 

 x  x  x  x |  x 10  x 15 |  x 16  6  x |  x  x  7 14 



(4x4 Sudoku puzzle from www.menneske.no/sudoku/4/eng/)

 2 16  0  0 |  0 15  3  0 |  6  0  1  0 |  0  0  0  0 
 0  3 10 12 |  9  0  0  1 |  0  4  0  0 |  0  0  0 11 
 0  0  9  4 |  0  0  0  5 |  0  0  3 13 |  0  0  0  1 
 6  0  0  0 |  0  7 16  2 |  0  8 10  0 |  0  0  0  0 
-----------------------------------------------------
 0  0 14  9 |  0  3  0  0 |  0  0  0 16 |  0  0  0  0 
 0  0  0  0 |  0  4  0  7 |  0  0  0  1 | 13  0  0  5 
 5  6  0  2 | 14 16  1 13 | 15  0 12  0 |  0 11  0  4 
 0  0 12  8 | 11  2  5  9 | 13  3 14  4 | 10  0  6 16 
-----------------------------------------------------
 0  7  0  6 | 16  8  0 12 | 14  0  4  2 |  5 10  0  0 
10  0 13  0 |  0  1  0  4 |  0  5 15 11 | 16  0 12  2 
16  0  0 11 |  3  0  0  0 |  7  0  0  0 |  0  0  0  0 
 0  0  0  0 | 10  0  0  0 |  0  0 16  0 |  7  4  0  0 
-----------------------------------------------------
 0  0  0  0 |  1 12  4  0 | 11  7  9  0 |  0  0  0  8 
 1  0  0  0 |  2 11  0  0 | 10  0  0  0 | 12  5  0  0 
12  0  0  0 |  0  0  6  0 |  4  0  0  3 | 11 16  1  0 
 0  0  0  0 |  0 10  0 15 |  1 16  6 12 |  0  0  7 14 

Solution:

 2 16  7  5 |  8 15  3 10 |  6 11  1  9 | 14 13  4 12 
15  3 10 12 |  9 13 14  1 |  2  4  7  5 |  6  8 16 11 
 8 14  9  4 | 12  6 11  5 | 16 15  3 13 |  2  7 10  1 
 6 11  1 13 |  4  7 16  2 | 12  8 10 14 | 15  3  5  9 
-----------------------------------------------------
 4 13 14  9 | 15  3 10  8 |  5  6 11 16 |  1 12  2  7 
11 10 16 15 |  6  4 12  7 |  8  9  2  1 | 13 14  3  5 
 5  6  3  2 | 14 16  1 13 | 15 10 12  7 |  8 11  9  4 
 7  1 12  8 | 11  2  5  9 | 13  3 14  4 | 10 15  6 16 
-----------------------------------------------------
 9  7 15  6 | 16  8 13 12 | 14  1  4  2 |  5 10 11  3 
10  8 13 14 |  7  1  9  4 |  3  5 15 11 | 16  6 12  2 
16  4  2 11 |  3  5 15  6 |  7 12  8 10 |  9  1 14 13 
 3 12  5  1 | 10 14  2 11 |  9 13 16  6 |  7  4  8 15 
-----------------------------------------------------
14  5  6 10 |  1 12  4 16 | 11  7  9 15 |  3  2 13  8 
 1  9  4 16 |  2 11  7  3 | 10 14 13  8 | 12  5 15  6 
12 15  8  7 | 13  9  6 14 |  4  2  5  3 | 11 16  1 10 
13  2 11  3 |  3 10  8 15 |  1 16  6 12 |  4  9  7 14 